0 0 19 8 16
0 34 9 21 15 46 11
0 91 5
0 151 1 7 23
0 233 1
0 296 2 8 22
0 403 28 5 18
0 410 41 13 2
0 467 9 17 27
0 513 26 10 6
0 700 8 3 2
0 842 17 5 1
0 853 10
0 938 15 1 1
0 1056 2 2 4
0 1216 10
0 1650 22
0 1724 19 50 8
0 1741 11 5 11
0 2043 2
0 2386 6 7 9
0 2396 1 10 1
0 2436 13 12 11 5 11 92 3
0 2713 4
0 2716 14 21 12 18 20
0 2981 12
0 3066 5 14 5
0 3185 6 3 6
0 3432 11 3 11
0 3454 5 10 13
0 3741 7 8 7
0 3810 44 13 5 6 2
0 3854 5 69 4
0 3958 1
0 4157 8 11 10
0 4214 10 27 2
0 4408 5
0 4419 22
0 4577 5
0 4700 22 13 3
0 4777 1 9 1
0 4902 4 7 3 20 1
0 4997 17
0 5088 5 7 9
0 5147 24
0 5280 17
0 5300 2
0 5625 9 1 8 23 15 7 10 18 19
0 5928 23
0 6097 9
