0 0 3
0 19 20
0 255 4 6 18 13 6
0 479 3 18 4
0 562 19
0 581 24
0 639 13
0 663 5 139 6
0 910 7 39 11 11 6
0 929 15 5 7
0 953 22 1 1
0 1087 14 30 5
0 1112 5 1 1
0 1144 3 20 8
0 1760 8 5 1 15 21 2 7
0 2192 14
0 2223 5 29 11
0 2274 1 9 25
0 2279 5 8 5
0 2448 13
0 2558 2 2 1
0 2724 1 5 2
0 2849 7
0 3102 22 10 13 2 19 15 5
0 3228 2 16 2 45 6
0 3367 3
0 3533 8
0 3611 2 4 1
0 3797 25 10 13
0 4045 4 9 3 4 1
0 4171 4 11 3 11 8
0 4412 6 9 14
0 4456 13
0 4766 16 22 2 34 8
0 5194 14
0 5370 6 25 1
0 5384 12
0 5435 8 14 16
0 5488 11 80 3
0 5806 7 10 2
0 6089 8 9 12
0 6103 10 21 4
0 6130 4
0 6333 10 4 12
0 6402 18
0 6404 4 6 2
0 6410 2 25 2 9 11 20 3
0 6579 9
0 6619 6
0 6936 14
