0 0 9 6 69
0 151 38
0 611 53
0 943 1 4 23 17 28
0 1046 13 20 51
0 1145 2
0 1377 26 27 29
0 1392 61
0 1425 53 13 49 11 9
0 1943 42 2 59
0 1970 14 27 59 39 18 2 7
0 1978 13 27 26 2 7 10 8
0 1990 2 1 43 5 74
0 2097 10 19 3
0 2260 18
0 2266 18 10 25
0 2273 35 17 71
0 2462 75 3 22
0 2495 81 2 34 9 15
0 2526 37
0 2600 103
0 2785 6 27 159
0 2792 54
0 3107 46 16 11
0 3309 34
0 3497 6 26 7
0 3605 34 29 13 2 9
0 3620 9
0 3626 52 31 50 36 52
0 3678 15 47 31 25 27
0 4158 28 18 8
0 4245 33 1 98
0 4330 73
0 4400 54
0 4489 38 10 3 79 17
0 4508 7 27 13
0 4510 4 12 36
0 4523 1 4 9
0 4550 1 21 48
0 4728 53 1 20 37 12
0 4742 27 35 62
0 4751 25
0 5142 10
0 6107 12 41 48
0 6137 1 20 3
0 6295 35
0 6484 42
0 6642 27 12 43 21 9
0 6778 22 4 24
0 6956 31
