0 0 13 3 1 9 15
0 100 18 38 17
0 223 1 22 68
0 484 2
0 625 27 14 6
0 704 3 8 23 2 14 5 13 7 9
0 1099 21 8 8
0 1224 37 29 23 6 21 28 6
0 1359 4 31 8
0 1408 6 23 20
0 1656 31 32 18
0 1807 9 20 4
0 1972 27
0 2008 10 8 5
0 2102 16
0 2260 23
0 2263 1
0 2624 14 13 2
0 2778 7 5 1
0 2923 10
0 2980 84 3 10
0 3032 18 8 12
0 3154 17
0 3280 50 8 34 32 1 4 31
0 3305 7
0 3511 14 2 2 2 20
0 3764 29 30 18
0 4034 39 19 7 26 25 2 3
0 4035 25 2 21
0 4070 9 13 9
0 4075 28 4 6 9 22
0 4338 2 2 1
0 4796 4 11 14
0 4857 14 8 18 36 3 4 43
0 4892 27 11 4 17 31
0 5100 48
0 5119 23
0 5235 32 33 15
0 5310 59 2 11 6 10
0 5506 14 45 4
0 5621 20 18 11
0 5632 21 6 13
0 5732 3 2 23
0 5753 1 40 22 15 11
0 5769 3
0 5805 12 31 20
0 5970 22
0 6013 1
0 6039 15 28 3
0 6050 26 3 14
