0 0 35 7 1
0 296 78
0 497 109
0 666 6 17 28
0 1043 46 1 15
0 1237 39
0 1244 32 6 23
0 1281 18 28 3
0 1291 63 6 28
0 1298 29
0 1517 41
0 1548 12 6 14 2 10
0 1606 2 33 13 6 36
0 1700 19
0 1701 28 7 2
0 1971 10
0 2141 8
0 2241 39 9 7 2 18 1 15 42 36 5 47
0 2296 29
0 2362 17 6 56 19 4
0 2531 23 2 7
0 2676 51
0 2734 5 12 35
0 3084 26 3 2
0 3309 54 28 55
0 3341 9 9 1
0 3435 12
0 3525 46 39 48
0 3544 2 13 9 8 8 56 38
0 3733 15 5 23
0 4114 2
0 4137 7 23 4
0 4349 21 1 55
0 4421 7
0 4519 7 8 12
0 4849 43 1 13 4 29
0 5069 7 34 1
0 5195 3 55 93 20 19
0 5210 1 24 10
0 5295 15
0 5330 39 50 68 7 24
0 5333 4
0 5579 78 3 10 3 1
0 6093 9 49 9
0 6198 40 13 58 61 12 16 6 77 8
0 6251 36
0 6505 7 43 15
0 6665 21 20 13
0 6921 54 9 89 31 88
0 7187 21 50 54
