0 0 5 6 35
0 151 19
0 611 27
0 943 1 4 12 17 14
0 1046 7 20 26
0 1145 1
0 1377 13 27 15
0 1392 31
0 1425 27 13 25 11 5
0 1943 21 2 30
0 1970 7 27 30 39 9 2 4
0 1978 7 27 13 2 4 10 4
0 1990 1 1 22 5 37
0 2097 5 19 2
0 2260 9
0 2266 9 10 13
0 2273 18 17 36
0 2462 38 3 11
0 2495 41 2 17 9 8
0 2526 19
0 2600 52
0 2785 3 27 80
0 2792 27
0 3107 23 16 6
0 3309 17
0 3497 3 26 4
0 3605 17 29 7 2 5
0 3620 5
0 3626 26 31 25 36 26
0 3678 8 47 16 25 14
0 4158 14 18 4
0 4245 17 1 49
0 4330 37
0 4400 27
0 4489 19 10 2 79 9
0 4508 4 27 7
0 4510 2 12 18
