0 0 2
0 97 1
0 255 2 18 54 15 16
0 488 2 2 3 27 5
0 664 2 6 33
0 717 10 12 9 24 25
0 786 4
0 910 5
0 967 12
0 1098 16 41 8 3 35 1 24 1 5
0 1270 10 2 5
0 1323 2 13 4 29 2
0 1717 4 18 9 26 9
0 1874 4 8 11
0 2321 4
0 2741 3
0 2938 19 4 26
0 2957 15 17 33 27 2
0 2982 25
0 3051 24 96 13 13 13
0 3218 50
0 3413 35 30 16
0 3461 21 19 17
0 3485 5
0 3552 9
0 3661 20 16 55 14 15 17 5
0 3662 36 24 2 15 21 43 9 12 11
0 3731 11 26 12
0 4059 4 1 17 9 8
0 4086 4 2 30
0 4291 48
0 4383 4
0 4385 9 6 22
0 4397 8
0 4701 5
0 4777 13 14 23 13 4
0 4846 11
0 4997 30
0 5053 18 5 26
0 5174 3
0 5239 12
0 5349 23 5 16
0 5438 15
0 5471 9 73 3
0 5802 5 19 7
0 5839 9 88 2 4 20
0 5911 7
