0 0 2 8 2
0 34 1 21 2 46 2
0 91 1
0 151 1 7 3
0 233 1
0 296 1 8 3
0 403 3 5 2
0 410 5 13 1
0 467 1 17 3
0 513 3 10 1
0 700 1 3 1
0 842 2 5 1
0 853 1
0 938 2 1 1
0 1056 1 2 1
0 1216 1
0 1650 3
0 1724 2 50 1
0 1741 2 5 2
0 2043 1
0 2386 1 7 1
0 2396 1 10 1
0 2436 2 12 2 5 2 92 1
0 2713 1
0 2716 2 21 2 18 2
0 2981 2
0 3066 1 14 1
0 3185 1 3 1
0 3432 2 3 2
0 3454 1 10 2
0 3741 1 8 1
0 3810 5 13 1 6 1
0 3854 1 69 1
0 3958 1
0 4157 1 11 1
0 4214 1 27 1
0 4408 1
0 4419 3
0 4577 1
0 4700 3 13 1
0 4777 1 9 1
0 4902 1 7 1 20 1
0 4997 2
0 5088 1 7 1
0 5147 3
0 5280 2
0 5300 1
0 5625 1 1 1 23 2 7 1 18 2
0 5928 3
0 6097 1
