0 0 1 6 3
0 151 2
0 611 2
0 943 1 4 1 17 1
0 1046 1 20 2
0 1145 1
0 1377 1 27 1
0 1392 3
0 1425 2 13 2 11 1
0 1943 2 2 2
0 1970 1 27 2 39 1 2 1
0 1978 1 27 1 2 1 10 1
0 1990 1 1 2 5 3
0 2097 1 19 1
0 2260 1
0 2266 1 10 1
0 2273 2 17 3
0 2462 3 3 1
0 2495 3 2 2 9 1
0 2526 2
0 2600 4
0 2785 1 27 6
0 2792 2
0 3107 2 16 1
0 3309 2
0 3497 1 26 1
0 3605 2 29 1 2 1
0 3620 1
0 3626 2 31 2 36 2
0 3678 1 47 2 25 1
0 4158 1 18 1
0 4245 2 1 4
0 4330 3
0 4400 2
0 4489 2 10 1 79 1
0 4508 1 27 1
0 4510 1 12 2
0 4523 1 4 1
0 4550 1 21 2
0 4728 2 1 1 37 1
0 4742 1 35 3
0 4751 1
0 5142 1
0 6107 1 41 2
0 6137 1 20 1
0 6295 2
0 6484 2
0 6642 1 12 2 21 1
0 6778 1 4 1
0 6956 2
