0 0 1
0 97 1
0 255 1 18 4 15 2
0 488 1 2 1 27 1
0 664 1 6 3
0 717 1 12 1 24 2
0 786 1
0 910 1
0 967 1
0 1098 2 41 1 3 3 1 2 1 1
0 1270 1 2 1
0 1323 1 13 1 29 1
0 1717 1 18 1 26 1
0 1874 1 8 1
0 2321 1
0 2741 1
0 2938 2 4 2
0 2957 1 17 3 27 1
0 2982 2
0 3051 2 96 1 13 1
0 3218 4
0 3413 3 30 2
0 3461 2 19 2
0 3485 1
0 3552 1
0 3661 2 16 4 14 1 17 1
0 3662 3 24 1 15 2 43 1 12 1
0 3731 1 26 1
0 4059 1 1 2 9 1
0 4086 1 2 2
0 4291 4
0 4383 1
0 4385 1 6 2
0 4397 1
0 4701 1
0 4777 1 14 2 13 1
0 4846 1
0 4997 2
0 5053 2 5 2
0 5174 1
0 5239 1
0 5349 2 5 2
0 5438 1
0 5471 1 73 1
0 5802 1 19 1
0 5839 1 88 1 4 2
0 5911 1
0 6068 4
0 6505 1
0 6549 3
