0 0 1
0 19 2
0 255 1 6 2 13 1
0 479 1 18 1
0 562 2
0 581 3
0 639 2
0 663 1 139 1
0 910 1 39 2 11 1
0 929 2 5 1
0 953 3 1 1
0 1087 2 30 1
0 1112 1 1 1
0 1144 1 20 1
0 1760 1 5 1 15 3 2 1
0 2192 2
0 2223 1 29 2
0 2274 1 9 3
0 2279 1 8 1
0 2448 2
0 2558 1 2 1
0 2724 1 5 1
0 2849 1
0 3102 3 10 2 2 2 15 1
0 3228 1 16 1 45 1
0 3367 1
0 3533 1
0 3611 1 4 1
0 3797 3 10 2
0 4045 1 9 1 4 1
0 4171 1 11 1 11 1
0 4412 1 9 2
0 4456 2
0 4766 2 22 1 34 1
0 5194 2
0 5370 1 25 1
0 5384 2
0 5435 1 14 2
0 5488 2 80 1
0 5806 1 10 1
0 6089 1 9 2
0 6103 1 21 1
0 6130 1
0 6333 1 4 2
0 6402 2
0 6404 1 6 1
0 6410 1 25 1 9 2 20 1
0 6579 1
0 6619 1
0 6936 2
