0 0 14 7 1
0 296 31
0 497 44
0 666 3 17 11
0 1043 19 1 6
0 1237 16
0 1244 13 6 10
0 1281 7 28 2
0 1291 26 6 11
0 1298 12
0 1517 17
0 1548 5 6 6 2 4
0 1606 1 33 5 6 15
0 1700 8
0 1701 11 7 1
0 1971 4
0 2141 4
0 2241 16 9 3 2 8 1 6 42 15 5 19
0 2296 12
0 2362 7 6 23 19 2
0 2531 10 2 3
0 2676 21
0 2734 2 12 14
0 3084 11 3 1
0 3309 22 28 22
0 3341 4 9 1
0 3435 5
0 3525 19 39 20
0 3544 1 13 4 8 4 56 15
0 3733 6 5 9
0 4114 1
0 4137 3 23 2
0 4349 9 1 22
0 4421 3
0 4519 3 8 5
0 4849 18 1 5 4 12
0 5069 3 34 1
0 5195 2 55 37 20 8
0 5210 1 24 4
0 5295 6
0 5330 16 50 27 7 10
0 5333 2
0 5579 32 3 4 3 1
0 6093 4 49 4
0 6198 16 13 24 61 5 16 3 77 3
0 6251 15
0 6505 3 43 6
0 6665 9 20 6
0 6921 22 9 36 31 36
0 7187 9 50 22
