0 0 3
0 97 3
0 255 4 18 143 15 42
0 488 5 2 6 27 12
0 664 3 6 86
0 717 26 12 24 24 67
0 786 10
0 910 12
0 967 32
0 1098 41 41 20 3 93 1 64 1 13
0 1270 26 2 12
0 1323 4 13 9 29 4
0 1717 11 18 24 26 24
0 1874 10 8 30
0 2321 9
0 2741 7
0 2938 50 4 70
0 2957 40 17 88 27 3
0 2982 65
0 3051 64 96 35 13 33
0 3218 133
0 3413 91 30 42
0 3461 56 19 45
0 3485 12
0 3552 23
0 3661 52 16 146 14 39 17 14
0 3662 96 24 4 15 56 43 24 12 28
0 3731 28 26 30
0 4059 11 1 45 9 21
0 4086 10 2 79
0 4291 127
0 4383 10
0 4385 24 6 59
0 4397 20
0 4701 13
0 4777 33 14 61 13 11
0 4846 28
0 4997 80
0 5053 47 5 70
0 5174 7
0 5239 30
0 5349 60 5 41
0 5438 39
0 5471 24 73 8
0 5802 12 19 18
0 5839 23 88 6 4 53
0 5911 17
0 6068 129
0 6505 8
0 6549 119
