0 0 75 8 64
0 34 34 21 60 46 43
0 91 17
0 151 4 7 92
0 233 4
0 296 6 8 86
0 403 111 5 71
0 410 162 13 5
0 467 35 17 107
0 513 103 10 23
0 700 30 3 5
0 842 66 5 2
0 853 37
0 938 59 1 4
0 1056 6 2 16
0 1216 38
0 1650 86
0 1724 73 50 29
0 1741 44 5 43
0 2043 7
0 2386 24 7 35
0 2396 3 10 2
0 2436 52 12 41 5 44 92 10
0 2713 15
0 2716 54 21 47 18 77
0 2981 46
0 3066 20 14 17
0 3185 23 3 23
0 3432 41 3 44
0 3454 18 10 50
0 3741 26 8 26
0 3810 176 13 18 6 7
0 3854 20 69 13
0 3958 1
0 4157 29 11 38
0 4214 39 27 7
0 4408 18
0 4419 86
0 4577 19
0 4700 88 13 11
0 4777 1 9 3
0 4902 16 7 10 20 2
0 4997 68
0 5088 19 7 33
0 5147 93
0 5280 68
0 5300 6
0 5625 36 1 32 23 58 7 37 18 76
0 5928 89
0 6097 35
