0 0 69 7 2
0 296 155
0 497 218
0 666 11 17 55
0 1043 91 1 30
0 1237 78
0 1244 64 6 46
0 1281 35 28 6
0 1291 126 6 55
0 1298 57
0 1517 81
0 1548 24 6 28 2 19
0 1606 3 33 25 6 71
0 1700 37
0 1701 55 7 3
0 1971 19
0 2141 16
0 2241 77 9 14 2 36 1 30 42 71 5 94
0 2296 58
0 2362 34 6 112 19 8
0 2531 46 2 13
0 2676 102
0 2734 9 12 69
0 3084 52 3 4
0 3309 107 28 109
0 3341 17 9 1
0 3435 24
0 3525 92 39 96
0 3544 3 13 18 8 16 56 75
0 3733 29 5 45
0 4114 3
0 4137 13 23 8
0 4349 42 1 110
0 4421 14
0 4519 13 8 23
0 4849 86 1 25 4 58
0 5069 13 34 1
0 5195 6 55 185 20 38
0 5210 1 24 20
0 5295 30
0 5330 77 50 135 7 47
0 5333 7
0 5579 156 3 20 3 2
0 6093 17 49 17
0 6198 80 13 116 61 24 16 12 77 15
0 6251 72
0 6505 13 43 30
0 6665 42 20 26
0 6921 107 9 177 31 176
0 7187 41 50 108
