0 0 9
0 19 80
0 255 15 6 69 13 22
0 479 9 18 13
0 562 76
0 581 94
0 639 49
0 663 18 139 22
0 910 28 39 44 11 22
0 929 57 5 26
0 953 88 1 3
0 1087 56 30 17
0 1112 17 1 1
0 1144 11 20 32
0 1760 32 5 3 15 82 2 25
0 2192 54
0 2223 18 29 42
0 2274 3 9 100
0 2279 20 8 20
0 2448 51
0 2558 8 2 4
0 2724 3 5 8
0 2849 25
0 3102 88 10 52 2 76 15 19
0 3228 8 16 6 45 23
0 3367 12
0 3533 30
0 3611 6 4 4
0 3797 97 10 51
0 4045 13 9 11 4 2
0 4171 14 11 10 11 29
0 4412 23 9 55
0 4456 52
0 4766 64 22 6 34 32
0 5194 54
0 5370 23 25 2
0 5384 47
0 5435 31 14 62
0 5488 43 80 10
0 5806 26 10 6
0 6089 30 9 47
0 6103 39 21 16
0 6130 13
0 6333 38 4 48
0 6402 70
0 6404 13 6 8
0 6410 5 25 5 9 42 20 10
0 6579 33
0 6619 22
0 6936 54
