0 0 12 6 92
0 151 51
0 611 71
0 943 1 4 31 17 38
0 1046 17 20 68
0 1145 3
0 1377 35 27 39
0 1392 81
0 1425 70 13 65 11 11
0 1943 56 2 78
0 1970 19 27 78 39 24 2 9
0 1978 17 27 34 2 10 10 10
0 1990 3 1 57 5 98
0 2097 13 19 3
0 2260 24
0 2266 23 10 33
0 2273 47 17 95
0 2462 100 3 29
0 2495 108 2 45 9 19
0 2526 49
0 2600 137
0 2785 8 27 212
0 2792 71
0 3107 61 16 14
0 3309 45
0 3497 8 26 9
0 3605 45 29 17 2 12
0 3620 12
0 3626 69 31 66 36 69
0 3678 19 47 41 25 36
0 4158 37 18 10
0 4245 44 1 131
0 4330 97
0 4400 72
0 4489 50 10 3 79 23
0 4508 9 27 18
0 4510 6 12 48
0 4523 1 4 11
0 4550 1 21 63
0 4728 70 1 27 37 16
0 4742 36 35 83
0 4751 33
0 5142 13
0 6107 16 41 64
0 6137 2 20 3
0 6295 46
0 6484 56
0 6642 36 12 57 21 11
0 6778 29 4 31
0 6956 41
