0 0 38 8 32
0 34 17 21 30 46 22
0 91 9
0 151 2 7 46
0 233 2
0 296 3 8 43
0 403 56 5 36
0 410 81 13 3
0 467 18 17 54
0 513 52 10 12
0 700 15 3 3
0 842 33 5 1
0 853 19
0 938 30 1 2
0 1056 3 2 8
0 1216 19
0 1650 43
0 1724 37 50 15
0 1741 22 5 22
0 2043 4
0 2386 12 7 18
0 2396 2 10 1
0 2436 26 12 21 5 22 92 5
0 2713 8
0 2716 27 21 24 18 39
0 2981 23
0 3066 10 14 9
0 3185 12 3 12
0 3432 21 3 22
0 3454 9 10 25
0 3741 13 8 13
0 3810 88 13 9 6 4
0 3854 10 69 7
0 3958 1
0 4157 15 11 19
0 4214 20 27 4
0 4408 9
0 4419 43
0 4577 10
0 4700 44 13 6
0 4777 1 9 2
0 4902 8 7 5 20 1
0 4997 34
0 5088 10 7 17
0 5147 47
0 5280 34
0 5300 3
0 5625 18 1 16 23 29 7 19 18 38
0 5928 45
0 6097 18
