0 0 5
0 19 40
0 255 8 6 35 13 11
0 479 5 18 7
0 562 38
0 581 47
0 639 25
0 663 9 139 11
0 910 14 39 22 11 11
0 929 29 5 13
0 953 44 1 2
0 1087 28 30 9
0 1112 9 1 1
0 1144 6 20 16
0 1760 16 5 2 15 41 2 13
0 2192 27
0 2223 9 29 21
0 2274 2 9 50
0 2279 10 8 10
0 2448 26
0 2558 4 2 2
0 2724 2 5 4
0 2849 13
0 3102 44 10 26 2 38 15 10
0 3228 4 16 3 45 12
0 3367 6
0 3533 15
0 3611 3 4 2
0 3797 49 10 26
0 4045 7 9 6 4 1
0 4171 7 11 5 11 15
0 4412 12 9 28
0 4456 26
0 4766 32 22 3 34 16
0 5194 27
0 5370 12 25 1
0 5384 24
0 5435 16 14 31
0 5488 22 80 5
0 5806 13 10 3
0 6089 15 9 24
0 6103 20 21 8
0 6130 7
0 6333 19 4 24
0 6402 35
0 6404 7 6 4
0 6410 3 25 3 9 21 20 5
0 6579 17
0 6619 11
0 6936 27
