0 0 6 6 46
0 151 26
0 611 36
0 943 1 4 16 17 19
0 1046 9 20 34
0 1145 2
0 1377 18 27 20
0 1392 41
0 1425 35 13 33 11 6
0 1943 28 2 39
0 1970 10 27 39 39 12 2 5
0 1978 9 27 17 2 5 10 5
0 1990 2 1 29 5 49
0 2097 7 19 2
0 2260 12
0 2266 12 10 17
0 2273 24 17 48
0 2462 50 3 15
0 2495 54 2 23 9 10
0 2526 25
0 2600 69
0 2785 4 27 106
0 2792 36
0 3107 31 16 7
0 3309 23
0 3497 4 26 5
0 3605 23 29 9 2 6
0 3620 6
0 3626 35 31 33 36 35
0 3678 10 47 21 25 18
0 4158 19 18 5
0 4245 22 1 66
0 4330 49
0 4400 36
0 4489 25 10 2 79 12
0 4508 5 27 9
0 4510 3 12 24
0 4523 1 4 6
0 4550 1 21 32
0 4728 35 1 14 37 8
0 4742 18 35 42
0 4751 17
0 5142 7
0 6107 8 41 32
0 6137 1 20 2
0 6295 23
0 6484 28
0 6642 18 12 29 21 6
0 6778 15 4 16
0 6956 21
