0 0 137 7 4
0 296 310
0 497 435
0 666 22 17 109
0 1043 182 1 59
0 1237 155
0 1244 127 6 91
0 1281 70 28 12
0 1291 251 6 109
0 1298 114
0 1517 162
0 1548 47 6 55 2 37
0 1606 6 33 50 6 142
0 1700 73
0 1701 109 7 6
0 1971 37
0 2141 31
0 2241 154 9 27 2 71 1 59 42 141 5 187
0 2296 115
0 2362 67 6 224 19 15
0 2531 92 2 25
0 2676 204
0 2734 18 12 137
0 3084 104 3 8
0 3309 214 28 218
0 3341 34 9 1
0 3435 47
0 3525 183 39 192
0 3544 6 13 36 8 32 56 149
0 3733 58 5 90
0 4114 5
0 4137 25 23 16
0 4349 83 1 219
0 4421 28
0 4519 25 8 45
0 4849 171 1 50 4 116
0 5069 26 34 2
0 5195 12 55 369 20 76
0 5210 2 24 40
0 5295 59
0 5330 153 50 270 7 93
0 5333 14
0 5579 311 3 39 3 3
0 6093 34 49 34
0 6198 160 13 232 61 47 16 24 77 29
0 6251 143
0 6505 25 43 59
0 6665 83 20 51
0 6921 213 9 353 31 352
0 7187 82 50 215
