0 0 29 6 230
0 151 126
0 611 177
0 943 1 4 77 17 94
0 1046 42 20 169
0 1145 6
0 1377 86 27 96
0 1392 201
0 1425 174 13 162 11 28
0 1943 140 2 194
0 1970 46 27 195 39 59 2 21
0 1978 41 27 84 2 23 10 25
0 1990 6 1 143 5 244
0 2097 32 19 7
0 2260 60
0 2266 57 10 81
0 2273 116 17 236
0 2462 248 3 72
0 2495 270 2 111 9 47
0 2526 121
0 2600 342
0 2785 20 27 530
0 2792 177
0 3107 152 16 34
0 3309 112
0 3497 20 26 21
0 3605 111 29 42 2 28
0 3620 30
0 3626 172 31 164 36 172
0 3678 48 47 101 25 90
0 4158 92 18 25
0 4245 110 1 326
0 4330 241
0 4400 179
0 4489 125 10 7 79 56
0 4508 22 27 43
0 4510 13 12 120
0 4523 2 4 28
0 4550 3 21 157
0 4728 175 1 66 37 40
0 4742 89 35 206
0 4751 81
0 5142 31
0 6107 39 41 159
0 6137 3 20 8
0 6295 115
0 6484 139
0 6642 89 12 143 21 28
0 6778 73 4 78
0 6956 102
