0 0 22
0 19 200
0 255 36 6 173 13 54
0 479 21 18 32
0 562 190
0 581 233
0 639 121
0 663 45 139 55
0 910 69 39 109 11 53
0 929 141 5 64
0 953 220 1 7
0 1087 140 30 42
0 1112 41 1 2
0 1144 26 20 79
0 1760 79 5 6 15 205 2 62
0 2192 133
0 2223 44 29 104
0 2274 7 9 249
0 2279 49 8 50
0 2448 126
0 2558 18 2 9
0 2724 6 5 20
0 2849 62
0 3102 219 10 128 2 188 15 47
0 3228 19 16 15 45 57
0 3367 28
0 3533 75
0 3611 13 4 10
0 3797 241 10 126
0 4045 32 9 27 4 4
0 4171 35 11 23 11 73
0 4412 57 9 138
0 4456 128
0 4766 159 22 15 34 79
0 5194 135
0 5370 57 25 3
0 5384 116
0 5435 77 14 155
0 5488 106 80 25
0 5806 65 10 15
0 6089 75 9 116
0 6103 96 21 40
0 6130 32
0 6333 94 4 120
0 6402 174
0 6404 31 6 19
0 6410 11 25 11 9 105 20 24
0 6579 82
0 6619 55
0 6936 135
