0 0 186 8 159
0 34 84 21 149 46 108
0 91 42
0 151 10 7 230
0 233 8
0 296 14 8 214
0 403 277 5 177
0 410 403 13 11
0 467 88 17 266
0 513 258 10 57
0 700 74 3 12
0 842 163 5 4
0 853 91
0 938 147 1 10
0 1056 15 2 40
0 1216 93
0 1650 213
0 1724 183 50 71
0 1741 109 5 107
0 2043 17
0 2386 59 7 87
0 2396 6 10 3
0 2436 128 12 101 5 109 92 25
0 2713 37
0 2716 134 21 116 18 192
0 2981 114
0 3066 50 14 42
0 3185 56 3 56
0 3432 102 3 109
0 3454 45 10 125
0 3741 63 8 65
0 3810 438 13 44 6 18
0 3854 49 69 32
0 3958 2
0 4157 71 11 93
0 4214 96 27 16
0 4408 44
0 4419 215
0 4577 46
0 4700 218 13 28
0 4777 2 9 6
0 4902 40 7 25 20 5
0 4997 170
0 5088 46 7 83
0 5147 231
0 5280 169
0 5300 15
0 5625 89 1 80 23 143 7 92 18 190
0 5928 221
0 6097 86
