0 0 7
0 97 7
0 255 10 18 358 15 104
0 488 13 2 15 27 29
0 664 8 6 215
0 717 65 12 60 24 166
0 786 24
0 910 29
0 967 79
0 1098 103 41 49 3 231 1 160 1 31
0 1270 63 2 30
0 1323 10 13 22 29 9
0 1717 27 18 60 26 58
0 1874 24 8 73
0 2321 23
0 2741 16
0 2938 125 4 174
0 2957 99 17 219 27 7
0 2982 161
0 3051 160 96 87 13 83
0 3218 332
0 3413 227 30 104
0 3461 139 19 112
0 3485 29
0 3552 58
0 3661 129 16 363 14 96 17 33
0 3662 240 24 8 15 140 43 58 12 70
0 3731 70 26 74
0 4059 27 1 111 9 51
0 4086 24 2 196
0 4291 316
0 4383 25
0 4385 60 6 147
0 4397 50
0 4701 32
0 4777 81 14 153 13 26
0 4846 69
0 4997 198
0 5053 116 5 173
0 5174 17
0 5239 75
0 5349 148 5 102
0 5438 97
0 5471 59 73 20
0 5802 29 19 44
0 5839 57 88 13 4 132
0 5911 42
0 6068 322
0 6505 19
0 6549 297
