0 0 21
0 97 19
0 255 28 18 1072 15 311
0 488 37 2 45 27 86
0 664 22 6 643
0 717 194 12 178 24 498
0 786 70
0 910 87
0 967 236
0 1098 307 41 146 3 693 1 480 1 91
0 1270 189 2 88
0 1323 29 13 64 29 26
0 1717 80 18 178 26 173
0 1874 71 8 219
0 2321 68
0 2741 47
0 2938 373 4 520
0 2957 297 17 655 27 21
0 2982 482
0 3051 480 96 259 13 247
0 3218 994
0 3413 681 30 311
0 3461 415 19 336
0 3485 87
0 3552 172
0 3661 385 16 1089 14 287 17 98
0 3662 719 24 24 15 418 43 173 12 209
0 3731 210 26 221
0 4059 80 1 331 9 152
0 4086 71 2 587
0 4291 946
0 4383 74
0 4385 179 6 439
0 4397 149
0 4701 96
0 4777 241 14 457 13 77
0 4846 207
0 4997 594
0 5053 346 5 519
0 5174 50
0 5239 225
0 5349 443 5 306
0 5438 289
0 5471 177 73 59
0 5802 85 19 132
0 5839 171 88 39 4 395
0 5911 126
0 6068 964
0 6505 57
0 6549 890
