0 0 65
0 19 600
0 255 106 6 517 13 160
0 479 61 18 94
0 562 569
0 581 699
0 639 363
0 663 133 139 163
0 910 207 39 327 11 158
0 929 422 5 190
0 953 658 1 21
0 1087 418 30 126
0 1112 121 1 5
0 1144 77 20 237
0 1760 236 5 17 15 613 2 185
0 2192 399
0 2223 131 29 312
0 2274 19 9 747
0 2279 146 8 149
0 2448 376
0 2558 54 2 25
0 2724 18 5 58
0 2849 185
0 3102 655 10 383 2 564 15 139
0 3228 56 16 43 45 170
0 3367 84
0 3533 225
0 3611 39 4 30
0 3797 723 10 376
0 4045 95 9 79 4 11
0 4171 105 11 68 11 217
0 4412 169 9 412
0 4456 383
0 4766 477 22 45 34 237
0 5194 403
0 5370 171 25 9
0 5384 348
0 5435 230 14 464
0 5488 317 80 74
0 5806 195 10 43
0 6089 224 9 348
0 6103 286 21 119
0 6130 96
0 6333 281 4 358
0 6402 522
0 6404 92 6 57
0 6410 32 25 33 9 313 20 72
0 6579 246
0 6619 165
0 6936 403
