0 0 23 6 184
0 151 101
0 611 142
0 943 1 4 61 17 75
0 1046 34 20 135
0 1145 5
0 1377 69 27 77
0 1392 161
0 1425 140 13 130 11 22
0 1943 112 2 155
0 1970 37 27 156 39 47 2 17
0 1978 33 27 67 2 19 10 20
0 1990 5 1 114 5 196
0 2097 26 19 6
0 2260 48
0 2266 46 10 65
0 2273 93 17 189
0 2462 199 3 58
0 2495 216 2 89 9 38
0 2526 97
0 2600 274
0 2785 16 27 424
0 2792 142
0 3107 122 16 28
0 3309 90
0 3497 16 26 17
0 3605 89 29 34 2 23
0 3620 24
0 3626 137 31 132 36 138
0 3678 38 47 81 25 72
0 4158 74 18 20
0 4245 88 1 261
0 4330 193
0 4400 143
0 4489 100 10 6 79 45
0 4508 18 27 35
0 4510 11 12 96
0 4523 2 4 22
0 4550 2 21 126
0 4728 140 1 53 37 32
0 4742 71 35 165
0 4751 65
0 5142 25
0 6107 31 41 128
0 6137 3 20 6
0 6295 92
0 6484 111
0 6642 71 12 114 21 22
0 6778 58 4 62
0 6956 82
