0 0 56 8 48
0 34 25 21 45 46 33
0 91 13
0 151 3 7 69
0 233 3
0 296 5 8 65
0 403 84 5 53
0 410 121 13 4
0 467 27 17 80
0 513 78 10 18
0 700 23 3 4
0 842 49 5 2
0 853 28
0 938 44 1 3
0 1056 5 2 12
0 1216 28
0 1650 64
0 1724 55 50 22
0 1741 33 5 32
0 2043 6
0 2386 18 7 26
0 2396 2 10 1
0 2436 39 12 31 5 33 92 8
0 2713 11
0 2716 40 21 35 18 58
0 2981 34
0 3066 15 14 13
0 3185 17 3 17
0 3432 31 3 33
0 3454 14 10 38
0 3741 19 8 20
0 3810 132 13 14 6 6
0 3854 15 69 10
0 3958 1
0 4157 22 11 28
0 4214 29 27 5
0 4408 14
0 4419 65
0 4577 14
0 4700 66 13 9
0 4777 1 9 2
0 4902 12 7 8 20 2
0 4997 51
0 5088 14 7 25
0 5147 70
0 5280 51
0 5300 5
0 5625 27 1 24 23 43 7 28 18 57
0 5928 67
0 6097 26
