0 0 109 7 3
0 296 248
0 497 348
0 666 17 17 88
0 1043 146 1 47
0 1237 124
0 1244 102 6 73
0 1281 56 28 10
0 1291 201 6 87
0 1298 92
0 1517 129
0 1548 38 6 44 2 30
0 1606 5 33 40 6 114
0 1700 59
0 1701 87 7 5
0 1971 30
0 2141 25
0 2241 123 9 22 2 57 1 47 42 113 5 150
0 2296 92
0 2362 54 6 179 19 12
0 2531 74 2 20
0 2676 163
0 2734 14 12 110
0 3084 83 3 7
0 3309 172 28 175
0 3341 27 9 1
0 3435 38
0 3525 146 39 154
0 3544 5 13 29 8 26 56 120
0 3733 47 5 72
0 4114 4
0 4137 20 23 13
0 4349 67 1 175
0 4421 22
0 4519 20 8 36
0 4849 137 1 40 4 93
0 5069 21 34 2
0 5195 10 55 295 20 61
0 5210 1 24 32
0 5295 47
0 5330 123 50 216 7 74
0 5333 11
0 5579 249 3 31 3 3
0 6093 27 49 27
0 6198 128 13 186 61 38 16 19 77 23
0 6251 115
0 6505 20 43 47
0 6665 67 20 41
0 6921 170 9 282 31 282
0 7187 66 50 172
