0 0 47 8 40
0 34 21 21 38 46 27
0 91 11
0 151 3 7 58
0 233 2
0 296 4 8 54
0 403 70 5 45
0 410 101 13 3
0 467 22 17 67
0 513 65 10 15
0 700 19 3 3
0 842 41 5 1
0 853 23
0 938 37 1 3
0 1056 4 2 10
0 1216 24
0 1650 54
0 1724 46 50 18
0 1741 28 5 27
0 2043 5
0 2386 15 7 22
0 2396 2 10 1
0 2436 32 12 26 5 28 92 7
0 2713 10
0 2716 34 21 29 18 48
0 2981 29
0 3066 13 14 11
0 3185 14 3 14
0 3432 26 3 28
0 3454 12 10 32
0 3741 16 8 17
0 3810 110 13 11 6 5
0 3854 13 69 8
0 3958 1
0 4157 18 11 24
0 4214 24 27 4
0 4408 11
0 4419 54
0 4577 12
0 4700 55 13 7
0 4777 1 9 2
0 4902 10 7 7 20 2
0 4997 43
0 5088 12 7 21
0 5147 58
0 5280 43
0 5300 4
0 5625 23 1 20 23 36 7 23 18 48
0 5928 56
0 6097 22
