0 0 6
0 19 50
0 255 9 6 44 13 14
0 479 6 18 8
0 562 48
0 581 59
0 639 31
0 663 12 139 14
0 910 18 39 28 11 14
0 929 36 5 16
0 953 55 1 2
0 1087 35 30 11
0 1112 11 1 1
0 1144 7 20 20
0 1760 20 5 2 15 52 2 16
0 2192 34
0 2223 11 29 26
0 2274 2 9 63
0 2279 13 8 13
0 2448 32
0 2558 5 2 3
0 2724 2 5 5
0 2849 16
0 3102 55 10 32 2 47 15 12
0 3228 5 16 4 45 15
0 3367 7
0 3533 19
0 3611 4 4 3
0 3797 61 10 32
0 4045 8 9 7 4 1
0 4171 9 11 6 11 19
0 4412 15 9 35
0 4456 32
0 4766 40 22 4 34 20
0 5194 34
0 5370 15 25 1
0 5384 29
0 5435 20 14 39
0 5488 27 80 7
0 5806 17 10 4
0 6089 19 9 29
0 6103 24 21 10
0 6130 8
0 6333 24 4 30
0 6402 44
0 6404 8 6 5
0 6410 3 25 3 9 27 20 6
0 6579 21
0 6619 14
0 6936 34
