0 0 2
0 97 2
0 255 3 18 90 15 26
0 488 4 2 4 27 8
0 664 2 6 54
0 717 17 12 15 24 42
0 786 6
0 910 8
0 967 20
0 1098 26 41 13 3 58 1 40 1 8
0 1270 16 2 8
0 1323 3 13 6 29 3
0 1717 7 18 15 26 15
0 1874 6 8 19
0 2321 6
0 2741 4
0 2938 32 4 44
0 2957 25 17 55 27 2
0 2982 41
0 3051 40 96 22 13 21
0 3218 83
0 3413 57 30 26
0 3461 35 19 28
0 3485 8
0 3552 15
0 3661 33 16 91 14 24 17 9
0 3662 60 24 2 15 35 43 15 12 18
0 3731 18 26 19
0 4059 7 1 28 9 13
0 4086 6 2 49
0 4291 79
0 4383 7
0 4385 15 6 37
0 4397 13
0 4701 8
0 4777 21 14 39 13 7
0 4846 18
0 4997 50
0 5053 29 5 44
0 5174 5
0 5239 19
0 5349 37 5 26
0 5438 25
0 5471 15 73 5
0 5802 8 19 11
0 5839 15 88 4 4 33
0 5911 11
0 6068 81
0 6505 5
0 6549 75
