0 0 8 6 58
0 151 32
0 611 45
0 943 1 4 20 17 24
0 1046 11 20 43
0 1145 2
0 1377 22 27 24
0 1392 51
0 1425 44 13 41 11 7
0 1943 35 2 49
0 1970 12 27 49 39 15 2 6
0 1978 11 27 21 2 6 10 7
0 1990 2 1 36 5 61
0 2097 8 19 2
0 2260 15
0 2266 15 10 21
0 2273 29 17 59
0 2462 62 3 18
0 2495 68 2 28 9 12
0 2526 31
0 2600 86
0 2785 5 27 133
0 2792 45
0 3107 38 16 9
0 3309 28
0 3497 5 26 6
0 3605 28 29 11 2 7
0 3620 8
0 3626 43 31 41 36 43
0 3678 12 47 26 25 23
0 4158 23 18 7
0 4245 28 1 82
0 4330 61
0 4400 45
0 4489 32 10 2 79 14
0 4508 6 27 11
0 4510 4 12 30
0 4523 1 4 7
0 4550 1 21 40
0 4728 44 1 17 37 10
0 4742 23 35 52
0 4751 21
0 5142 8
0 6107 10 41 40
0 6137 1 20 2
0 6295 29
0 6484 35
0 6642 23 12 36 21 7
0 6778 19 4 20
0 6956 26
